Nasional
Kategori Subkategori 2024 Presentase 2021 Presentase
Desa dengan lokasi Ada 15,927 18.90 16,334 19.42
penggalian C Tidak ada 68,349 81.10 67,762 80.58
Total 84,276 100.00 84,096 100.00
Provinsi
2024 2021
Nama Provinsi Total Total
Ada Tidak Ada Ada Tidak Ada
432 6,084 6,516 426 6,088 6,514
ACEH
2.71 8.9 7.73 2.61 8.98 7.75
64 653 717 67 649 716
BALI
0.4 0.96 0.85 0.41 0.96 0.85
152 1,400 1,552 154 1,398 1,552
BANTEN
0.95 2.05 1.84 0.94 2.06 1.85
189 1,325 1,514 218 1,296 1,514
BENGKULU
1.19 1.94 1.8 1.33 1.91 1.8
135 303 438 139 299 438
DI YOGYAKARTA
0.85 0.44 0.52 0.85 0.44 0.52
0 267 267 0 267 267
DKI JAKARTA
0 0.39 0.32 0 0.39 0.32
240 492 732 250 484 734
GORONTALO
1.51 0.72 0.87 1.53 0.71 0.87
268 1,317 1,585 266 1,296 1,562
JAMBI

[TABLE 1 on page 1]
 |  |  | 
 | Nasional |  | 
 | Kategori Subkategori 2024 Presentase 2021 Presentase |  | 
 | Desa dengan lokasi Ada 15,927 18.90 16,334 19.42
penggalian C Tidak ada 68,349 81.10 67,762 80.58 |  | 
 | Total 84,276 100.00 84,096 100.00 |  | 
 |  |  | 
 | Provinsi |  | 
 | 2024 2021
Nama Provinsi Total Total
Ada Tidak Ada Ada Tidak Ada |  | 
 | 432 6,084 6,516 426 6,088 6,514
ACEH
2.71 8.9 7.73 2.61 8.98 7.75
64 653 717 67 649 716
BALI
0.4 0.96 0.85 0.41 0.96 0.85
152 1,400 1,552 154 1,398 1,552
BANTEN
0.95 2.05 1.84 0.94 2.06 1.85
189 1,325 1,514 218 1,296 1,514
BENGKULU
1.19 1.94 1.8 1.33 1.91 1.8
135 303 438 139 299 438
DI YOGYAKARTA
0.85 0.44 0.52 0.85 0.44 0.52
0 267 267 0 267 267
DKI JAKARTA
0 0.39 0.32 0 0.39 0.32
240 492 732 250 484 734
GORONTALO
1.51 0.72 0.87 1.53 0.71 0.87
268 1,317 1,585 266 1,296 1,562 |  | 
JAMBI
1.68 1.93 1.88 1.63 1.91 1.86
747 5,210 5,957 760 5,197 5,957
JAWA BARAT
4.69 7.62 7.07 4.65 7.67 7.08
1,213 7,350 8,563 1,385 7,177 8,562
JAWA TENGAH
7.62 10.75 10.16 8.48 10.59 10.18
1,352 7,142 8,494 1,488 7,008 8,496
JAWA TIMUR
8.49 10.45 10.08 9.11 10.34 10.1
582 1,575 2,157 509 1,639 2,148
KALIMANTAN BARAT
3.65 2.3 2.56 3.12 2.42 2.55
288 1,727 2,015 293 1,714 2,007
KALIMANTAN SELATAN
1.81 2.53 2.39 1.79 2.53 2.39
407 1,170 1,577 431 1,145 1,576
KALIMANTAN TENGAH
2.56 1.71 1.87 2.64 1.69 1.87
326 726 1,052 317 729 1,046
KALIMANTAN TIMUR
2.05 1.06 1.25 1.94 1.08 1.24
156 328 484 145 337 482
KALIMANTAN UTARA
0.98 0.48 0.57 0.89 0.5 0.57
197 196 393 197 196 393
KEPULAUAN BANGKA BELITUNG
1.24 0.29 0.47 1.21 0.29 0.47
147 283 430 124 304 428
KEPULAUAN RIAU
0.92 0.41 0.51 0.76 0.45 0.51
439 2,218 2,657 498 2,156 2,654
LAMPUNG
2.76 3.25 3.15 3.05 3.18 3.16
514 748 1,262 601 647 1,248
MALUKU
3.23 1.09 1.5 3.68 0.95 1.48
435 774 1,209 421 782 1,203
MALUKU UTARA
2.73 1.13 1.43 2.58 1.15 1.43
399 767 1,166 416 735 1,151
NUSA TENGGARA BARAT
2.51 1.12 1.38 2.55 1.08 1.37
1,270 2,268 3,538 1,142 2,308 3,450
NUSA TENGGARA TIMUR
7.97 3.32 4.2 6.99 3.41 4.1
241 788 1,029 572 4,983 5,555
PAPUA
1.51 1.15 1.22 3.5 7.35 6.61
174 796 970 427 1,559 1,986
PAPUA BARAT
1.09 1.16 1.15 2.61 2.3 2.36
233 823 1,056
PAPUA BARAT DAYA
1.46 1.2 1.25
69 2,565 2,634
PAPUA PEGUNUNGAN
0.43 3.75 3.13
103 587 690
PAPUA SELATAN
0.65 0.86 0.82
115 1,093 1,208
PAPUA TENGAH
0.72 1.6 1.43
211 1,659 1,870 224 1,652 1,876
RIAU
1.32 2.43 2.22 1.37 2.44 2.23
213 437 650 186 464 650
SULAWESI BARAT
1.34 0.64 0.77 1.14 0.68 0.77
585 2,475 3,060 601 2,450 3,051
SULAWESI SELATAN
3.67 3.62 3.63 3.68 3.62 3.63
777 1,245 2,022 772 1,248 2,020
SULAWESI TENGAH
4.88 1.82 2.4 4.73 1.84 2.4
841 1,451 2,292 827 1,482 2,309
SULAWESI TENGGARA
5.28 2.12 2.72 5.06 2.19 2.75
380 1,458 1,838 392 1,448 1,840
SULAWESI UTARA
2.39 2.13 2.18 2.4 2.14 2.19
473 813 1,286 471 816 1,287
SUMATERA BARAT
2.97 1.19 1.53 2.88 1.2 1.53
546 2,737 3,283 559 2,733 3,292
SUMATERA SELATAN
3.43 4 3.9 3.42 4.03 3.91
1,014 5,099 6,113 1,056 5,076 6,132
SUMATERA UTARA
6.37 7.46 7.25 6.47 7.49 7.29
Total 15,927 68,349 84,276 16,334 67,762 84,096
100 100 100 100 100 100

[TABLE 1 on page 5]
 | 
 | Total 15,927 68,349 84,276 16,334 67,762 84,096
100 100 100 100 100 100
Nasional
Kategori Subkategori 2024 Presentase 2021 Presentase
Penghasilan utama sebagian penduduk desa di Ada 937 1.11 599 0.71
bidang pertambangan dan penggalian Tidak ada 83,339 98.89 83,497 99.29
Total 84,276 100.00 84,096 100.00
Provinsi
2024 2021
Nama Provinsi Total
Ada Tidak Ada Ada Tidak Ada
16 6,500 6,516 15 6,499
ACEH
1.71 7.8 7.73 2.5 7.78
1 716 717 0 716
BALI
0.11 0.86 0.85 0 0.86
4 1,548 1,552 2 1,550
BANTEN
0.43 1.86 1.84 0.33 1.86
8 1,506 1,514 7 1,507
BENGKULU
0.85 1.81 1.8 1.17 1.8
0 438 438 0 438
DI YOGYAKARTA
0 0.53 0.52 0 0.52
0 267 267 0 267
DKI JAKARTA
0 0.32 0.32 0 0.32
18 714 732 7 727
GORONTALO
1.92 0.86 0.87 1.17 0.87
22 1,563 1,585 12 1,550
JAMBI

[TABLE 1 on page 6]
 |  | 
 | Nasional | 
 | Kategori Subkategori 2024 Presentase 2021 Presentase | 
 | Penghasilan utama sebagian penduduk desa di Ada 937 1.11 599 0.71
bidang pertambangan dan penggalian Tidak ada 83,339 98.89 83,497 99.29 | 
 | Total 84,276 100.00 84,096 100.00 | 
 |  | 
 | Provinsi | 
 | 2024 2021
Nama Provinsi Total
Ada Tidak Ada Ada Tidak Ada | 
 | 16 6,500 6,516 15 6,499
ACEH
1.71 7.8 7.73 2.5 7.78
1 716 717 0 716
BALI
0.11 0.86 0.85 0 0.86
4 1,548 1,552 2 1,550
BANTEN
0.43 1.86 1.84 0.33 1.86
8 1,506 1,514 7 1,507
BENGKULU
0.85 1.81 1.8 1.17 1.8
0 438 438 0 438
DI YOGYAKARTA
0 0.53 0.52 0 0.52
0 267 267 0 267
DKI JAKARTA
0 0.32 0.32 0 0.32
18 714 732 7 727
GORONTALO
1.92 0.86 0.87 1.17 0.87
22 1,563 1,585 12 1,550 | 
JAMBI
2.35 1.88 1.88 2 1.86
3 5,954 5,957 11 5,946
JAWA BARAT
0.32 7.14 7.07 1.84 7.12
9 8,554 8,563 19 8,543
JAWA TENGAH
0.96 10.26 10.16 3.17 10.23
9 8,485 8,494 15 8,481
JAWA TIMUR
0.96 10.18 10.08 2.5 10.16
50 2,107 2,157 17 2,131
KALIMANTAN BARAT
5.34 2.53 2.56 2.84 2.55
43 1,972 2,015 15 1,992
KALIMANTAN SELATAN
4.59 2.37 2.39 2.5 2.39
292 1,285 1,577 187 1,389
KALIMANTAN TENGAH
31.16 1.54 1.87 31.22 1.66
94 958 1,052 45 1,001
KALIMANTAN TIMUR
10.03 1.15 1.25 7.51 1.2
8 476 484 8 474
KALIMANTAN UTARA
0.85 0.57 0.57 1.34 0.57
60 333 393 50 343
KEPULAUAN BANGKA BELITUNG
6.4 0.4 0.47 8.35 0.41
4 426 430 4 424
KEPULAUAN RIAU
0.43 0.51 0.51 0.67 0.51
0 2,657 2,657 2 2,652
LAMPUNG
0 3.19 3.15 0.33 3.18
14 1,248 1,262 1 1,247
MALUKU
1.49 1.5 1.5 0.17 1.49
33 1,176 1,209 9 1,194
MALUKU UTARA
3.52 1.41 1.43 1.5 1.43
9 1,157 1,166 8 1,143
NUSA TENGGARA BARAT
0.96 1.39 1.38 1.34 1.37
0 3,538 3,538 3 3,447
NUSA TENGGARA TIMUR
0 4.25 4.2 0.5 4.13
3 1,026 1,029 22 5,533
PAPUA
0.32 1.23 1.22 3.67 6.63
2 968 970 4 1,982
PAPUA BARAT
0.21 1.16 1.15 0.67 2.37
3 1,053 1,056
PAPUA BARAT DAYA
0.32 1.26 1.25
0 2,634 2,634
PAPUA PEGUNUNGAN
0 3.16 3.13
1 689 690
PAPUA SELATAN
0.11 0.83 0.82
17 1,191 1,208
PAPUA TENGAH
1.81 1.43 1.43
10 1,860 1,870 10 1,866
RIAU
1.07 2.23 2.22 1.67 2.23
0 650 650 0 650
SULAWESI BARAT
0 0.78 0.77 0 0.78
6 3,054 3,060 5 3,046
SULAWESI SELATAN
0.64 3.66 3.63 0.83 3.65
31 1,991 2,022 19 2,001
SULAWESI TENGAH
3.31 2.39 2.4 3.17 2.4
49 2,243 2,292 40 2,269
SULAWESI TENGGARA
5.23 2.69 2.72 6.68 2.72
45 1,793 1,838 25 1,815
SULAWESI UTARA
4.8 2.15 2.18 4.17 2.17
8 1,278 1,286 5 1,282
SUMATERA BARAT
0.85 1.53 1.53 0.83 1.54
34 3,249 3,283 19 3,273
SUMATERA SELATAN
3.63 3.9 3.9 3.17 3.92
31 6,082 6,113 13 6,119
SUMATERA UTARA
3.31 7.3 7.25 2.17 7.33
Total 937 83,339 84,276 599 83,497
100 100 100 100 100

[TABLE 1 on page 10]
 | 
 | Total 937 83,339 84,276 599 83,497
100 100 100 100 100
Total
6,514
7.75
716
0.85
1,552
1.85
1,514
1.8
438
0.52
267
0.32
734
0.87
1,562

[TABLE 1 on page 11]

Total
6,514
7.75
716
0.85
1,552
1.85
1,514
1.8
438
0.52
267
0.32
734
0.87
1,562
1.86
5,957
7.08
8,562
10.18
8,496
10.1
2,148
2.55
2,007
2.39
1,576
1.87
1,046
1.24
482
0.57
393
0.47
428
0.51
2,654
3.16
1,248
1.48
1,203
1.43
1,151
1.37
3,450
4.1
5,555
6.61
1,986
2.36
1,876
2.23
650
0.77
3,051
3.63
2,020
2.4
2,309
2.75
1,840
2.19
1,287
1.53
3,292
3.91
6,132
7.29
84,096
100

[TABLE 1 on page 15]

84,096
100