Nasional
Kategori Subkategori 2024 Presentase 2021 Presentase
Ada 23,076 27.38 21,662 25.76
mata air Tidak ada 52,714 62.55 53,973 64.18
Tidak diketahui 8,486 10.07 8,461 10.06
Total 84,276 100.00 84,096 100.00
Provinsi
2024 2021
Nama Provinsi Total
Tidak diketahui Ada Tidak Ada Tidak diketahui
0 985 5,531 6,516 0
ACEH
0 4.27 10.49 7.73 0
80 305 332 717 80
BALI
0.94 1.32 0.63 0.85 0.95
314 152 1,086 1,552 314
BANTEN
3.7 0.66 2.06 1.84 3.71
172 364 978 1,514 172
BENGKULU
2.03 1.58 1.86 1.8 2.03
46 144 248 438 46
DI YOGYAKARTA
0.54 0.62 0.47 0.52 0.54
267 0 0 267 267
DKI JAKARTA
3.15 0 0 0.32 3.16
72 233 427 732 72
GORONTALO
0.85 1.01 0.81 0.87 0.85

[TABLE 1 on page 1]
 |  | 
 | Nasional | 
 | Kategori Subkategori 2024 Presentase 2021 Presentase | 
 | Ada 23,076 27.38 21,662 25.76
mata air Tidak ada 52,714 62.55 53,973 64.18
Tidak diketahui 8,486 10.07 8,461 10.06 | 
 | Total 84,276 100.00 84,096 100.00 | 
 |  | 
 | Provinsi | 
 | 2024
Nama Provinsi Total
Tidak diketahui Ada Tidak Ada Tidak diketahui | 
 | 0 985 5,531 6,516 0
ACEH
0 4.27 10.49 7.73 0
80 305 332 717 80
BALI
0.94 1.32 0.63 0.85 0.95
314 152 1,086 1,552 314
BANTEN
3.7 0.66 2.06 1.84 3.71
172 364 978 1,514 172
BENGKULU
2.03 1.58 1.86 1.8 2.03
46 144 248 438 46
DI YOGYAKARTA
0.54 0.62 0.47 0.52 0.54
267 0 0 267 267
DKI JAKARTA
3.15 0 0 0.32 3.16
72 233 427 732 72
GORONTALO
0.85 1.01 0.81 0.87 0.85 | 
171 272 1,142 1,585 163
JAMBI
2.02 1.18 2.17 1.88 1.93
646 1,914 3,397 5,957 645
JAWA BARAT
7.61 8.29 6.44 7.07 7.62
753 2,935 4,875 8,563 753
JAWA TENGAH
8.87 12.72 9.25 10.16 8.9
773 2,442 5,279 8,494 775
JAWA TIMUR
9.11 10.58 10.01 10.08 9.16
99 738 1,320 2,157 99
KALIMANTAN BARAT
1.17 3.2 2.5 2.56 1.17
144 204 1,667 2,015 144
KALIMANTAN SELATAN
1.7 0.88 3.16 2.39 1.7
139 349 1,089 1,577 139
KALIMANTAN TENGAH
1.64 1.51 2.07 1.87 1.64
197 273 582 1,052 197
KALIMANTAN TIMUR
2.32 1.18 1.1 1.25 2.33
35 228 221 484 35
KALIMANTAN UTARA
0.41 0.99 0.42 0.57 0.41
84 131 178 393 84
KEPULAUAN BANGKA BELITUNG
0.99 0.57 0.34 0.47 0.99
144 138 148 430 142
KEPULAUAN RIAU
KEPULAUAN RIAU
1.7 0.6 0.28 0.51 1.68
205 362 2,090 2,657 205
LAMPUNG
2.42 1.57 3.96 3.15 2.42
35 638 589 1,262 35
MALUKU
0.41 2.76 1.12 1.5 0.41
118 453 638 1,209 118
MALUKU UTARA
1.39 1.96 1.21 1.43 1.39
145 451 570 1,166 145
NUSA TENGGARA BARAT
1.71 1.95 1.08 1.38 1.71
305 1,660 1,573 3,538 305
NUSA TENGGARA TIMUR
3.59 7.19 2.98 4.2 3.6
51 203 775 1,029 102
PAPUA
0.6 0.88 1.47 1.22 1.21
21 385 564 970 95
PAPUA BARAT
0.25 1.67 1.07 1.15 1.12
74 263 719 1,056
PAPUA BARAT DAYA
0.87 1.14 1.36 1.25
10 331 2,293 2,634
PAPUA PEGUNUNGAN
0.12 1.43 4.35 3.13
13 26 651 690
PAPUA SELATAN
PAPUA SELATAN
0.15 0.11 1.23 0.82
28 297 883 1,208
PAPUA TENGAH
0.33 1.29 1.68 1.43
271 140 1,459 1,870 271
RIAU
3.19 0.61 2.77 2.22 3.2
73 215 362 650 73
SULAWESI BARAT
0.86 0.93 0.69 0.77 0.86
793 740 1,527 3,060 793
SULAWESI SELATAN
9.34 3.21 2.9 3.63 9.37
175 1,080 767 2,022 175
SULAWESI TENGAH
2.06 4.68 1.46 2.4 2.07
377 790 1,125 2,292 377
SULAWESI TENGGARA
4.44 3.42 2.13 2.72 4.46
332 827 679 1,838 332
SULAWESI UTARA
3.91 3.58 1.29 2.18 3.92
230 392 664 1,286 230
SUMATERA BARAT
2.71 1.7 1.26 1.53 2.72
402 475 2,406 3,283 386
SUMATERA SELATAN
4.74 2.06 4.56 3.9 4.56
692 1,541 3,880 6,113 692
SUMATERA UTARA
SUMATERA UTARA
8.15 6.68 7.36 7.25 8.18
Total 8,486 23,076 52,714 84,276 8,461
100 100 100 100 100
.

[TABLE 1 on page 5]
SUMATERA UTARA
8.15 6.68 7.36 7.25 8.18 | 
 | Total 8,486 23,076 52,714 84,276 8,461
100 100 100 100 100
 | .
2021
Total
Ada Tidak Ada
907 5,607 6,514
4.19 10.39 7.75
288 348 716
1.33 0.64 0.85
127 1,111 1,552
0.59 2.06 1.85
360 982 1,514
1.66 1.82 1.8
128 264 438
0.59 0.49 0.52
0 0 267
0 0 0.32
226 436 734
1.04 0.81 0.87

[TABLE 1 on page 6]

2021
Total
Ada Tidak Ada
907 5,607 6,514
4.19 10.39 7.75
288 348 716
1.33 0.64 0.85
127 1,111 1,552
0.59 2.06 1.85
360 982 1,514
1.66 1.82 1.8
128 264 438
0.59 0.49 0.52
0 0 267
0 0 0.32
226 436 734
1.04 0.81 0.87
269 1,130 1,562
1.24 2.09 1.86
1,744 3,568 5,957
8.05 6.61 7.08
2,678 5,131 8,562
12.36 9.51 10.18
2,429 5,292 8,496
11.21 9.8 10.1
687 1,362 2,148
3.17 2.52 2.55
217 1,646 2,007
1 3.05 2.39
314 1,123 1,576
1.45 2.08 1.87
256 593 1,046
1.18 1.1 1.24
164 283 482
0.76 0.52 0.57
139 170 393
0.64 0.31 0.47
132 154 428
0.61 0.29 0.51
388 2,061 2,654
1.79 3.82 3.16
610 603 1,248
2.82 1.12 1.48
429 656 1,203
1.98 1.22 1.43
404 602 1,151
1.87 1.12 1.37
1,463 1,682 3,450
6.75 3.12 4.1
827 4,626 5,555
3.82 8.57 6.61
584 1,307 1,986
2.7 2.42 2.36
129 1,476 1,876
0.6 2.73 2.23
210 367 650
0.97 0.68 0.77
691 1,567 3,051
3.19 2.9 3.63
1,007 838 2,020
4.65 1.55 2.4
743 1,189 2,309
3.43 2.2 2.75
743 765 1,840
3.43 1.42 2.19
378 679 1,287
1.74 1.26 1.53
509 2,397 3,292
2.35 4.44 3.91
1,482 3,958 6,132
6.84 7.33 7.29
21,662 53,973 84,096
100 100 100

[TABLE 1 on page 10]
6.84 7.33 7.29
21,662 53,973 84,096
100 100 100
