Nasional
Kategori Subkategori 2024 Presentase 2021 Presentase
Ada
601 0.71 749 0.89
Pemanfaatan bahan bakar biogas
Tidak ada 83,675
99 83,347 99
84,276
Jumlah 100 84,096 100
Provinsi
2024 2021
Total Total
Nama Provinsi Ada Tidak Ada Ada Tidak Ada
ACEH 7 6,509 6,516 18 6,496 6,514
1.16 7.78 7.73 2.4 7.79 7.75
BALI 6 711 717 8 708 716
1 0.85 0.85 1.07 0.85 0.85
BANTEN 14 1,538 1,552 6 1,546 1,552
2.33 1.84 1.84 0.8 1.85 1.85
BENGKULU 0 1,514 1,514 1 1,513 1,514
0 1.81 1.8 0.13 1.82 1.8
DI YOGYAKARTA 31 407 438 39 399 438
5.16 0.49 0.52 5.21 0.48 0.52
DKI JAKARTA 7 260 267 10 257 267
1.16 0.31 0.32 1.34 0.31 0.32
GORONTALO 0 732 732 7 727 734
0 0.87 0.87 0.93 0.87 0.87

[TABLE 1 on page 1]
 |  |  | 
 | Nasional |  | 
 | Kategori Subkategori 2024 Presentase 2021 Presentase |  | 
 | Ada
601 0.71 749 0.89
Pemanfaatan bahan bakar biogas
Tidak ada 83,675
99 83,347 99 |  | 
 | 84,276
Jumlah 100 84,096 100 |  | 
 |  |  | 
 | Provinsi |  | 
 | 2024 2021
Total Total
Nama Provinsi Ada Tidak Ada Ada Tidak Ada |  | 
 | ACEH 7 6,509 6,516 18 6,496 6,514
1.16 7.78 7.73 2.4 7.79 7.75
BALI 6 711 717 8 708 716
1 0.85 0.85 1.07 0.85 0.85
BANTEN 14 1,538 1,552 6 1,546 1,552
2.33 1.84 1.84 0.8 1.85 1.85
BENGKULU 0 1,514 1,514 1 1,513 1,514
0 1.81 1.8 0.13 1.82 1.8
DI YOGYAKARTA 31 407 438 39 399 438
5.16 0.49 0.52 5.21 0.48 0.52
DKI JAKARTA 7 260 267 10 257 267
1.16 0.31 0.32 1.34 0.31 0.32
GORONTALO 0 732 732 7 727 734
0 0.87 0.87 0.93 0.87 0.87 |  | 
JAMBI 3 1,582 1,585 13 1,549 1,562
0.5 1.89 1.88 1.74 1.86 1.86
JAWA BARAT 58 5,899 5,957 54 5,903 5,957
9.65 7.05 7.07 7.21 7.08 7.08
JAWA TENGAH 151 8,412 8,563 158 8,404 8,562
25.12 10.05 10.16 21.09 10.08 10.18
JAWA TIMUR 216 8,278 8,494 224 8,272 8,496
35.94 9.89 10.08 29.91 9.92 10.1
KALIMANTAN BARAT 2 2,155 2,157 4 2,144 2,148
0.33 2.58 2.56 0.53 2.57 2.55
KALIMANTAN SELATAN 0 2,015 2,015 3 2,004 2,007
0 2.41 2.39 0.4 2.4 2.39
KALIMANTAN TENGAH 0 1,577 1,577 5 1,571 1,576
0 1.88 1.87 0.67 1.88 1.87
KALIMANTAN TIMUR 5 1,047 1,052 13 1,033 1,046
0.83 1.25 1.25 1.74 1.24 1.24
KALIMANTAN UTARA 1 483 484 1 481 482
0.17 0.58 0.57 0.13 0.58 0.57
KEPULAUAN BANGKA BELITUNG 0 393 393 1 392 393
0 0.47 0.47 0.13 0.47 0.47
KEPULAUAN RIAU 3 427 430 3 425 428
0.5 0.51 0.51 0.4 0.51 0.51
LAMPUNG 15 2,642 2,657 28 2,626 2,654
2.5 3.16 3.15 3.74 3.15 3.16
MALUKU 1 1,261 1,262 1 1,247 1,248
0.17 1.51 1.5 0.13 1.5 1.48
MALUKU UTARA 1 1,208 1,209 2 1,201 1,203
0.17 1.44 1.43 0.27 1.44 1.43
NUSA TENGGARA BARAT 4 1,162 1,166 20 1,131 1,151
0.67 1.39 1.38 2.67 1.36 1.37
NUSA TENGGARA TIMUR 14 3,524 3,538 13 3,437 3,450
2.33 4.21 4.2 1.74 4.12 4.1
PAPUA 0 1,029 1,029 5 5,550 5,555
0 1.23 1.22 0.67 6.66 6.61
PAPUA BARAT 1 969 970 1 1,985 1,986
0.17 1.16 1.15 0.13 2.38 2.36
PAPUA BARAT DAYA 1 1,055 1,056
0.17 1.26 1.25
PAPUA PEGUNUNGAN 0 2,634 2,634
0 3.15 3.13
PAPUA SELATAN 0 690 690
0 0.82 0.82
PAPUA TENGAH 9 1,199 1,208
1.5 1.43 1.43
RIAU 7 1,863 1,870 9 1,867 1,876
1.16 2.23 2.22 1.2 2.24 2.23
SULAWESI BARAT 0 650 650 0 650 650
0 0.78 0.77 0 0.78 0.77
SULAWESI SELATAN 28 3,032 3,060 54 2,997 3,051
4.66 3.62 3.63 7.21 3.6 3.63
SULAWESI TENGAH 1 2,021 2,022 7 2,013 2,020
0.17 2.42 2.4 0.93 2.42 2.4
SULAWESI TENGGARA 0 2,292 2,292 3 2,306 2,309
0 2.74 2.72 0.4 2.77 2.75
SULAWESI UTARA 2 1,836 1,838 9 1,831 1,840
0.33 2.19 2.18 1.2 2.2 2.19
SUMATERA BARAT 2 1,284 1,286 12 1,275 1,287
0.33 1.53 1.53 1.6 1.53 1.53
SUMATERA SELATAN 6 3,277 3,283 10 3,282 3,292
1 3.92 3.9 1.34 3.94 3.91
SUMATERA UTARA 5 6,108 6,113 7 6,125 6,132
0.83 7.3 7.25 0.93 7.35 7.29
Total 601 83,675 84,276 749 83,347 84,096
100 100 100 100 100 100
.

[TABLE 1 on page 5]
SUMATERA UTARA 5 6,108 6,113 7 6,125 6,132
0.83 7.3 7.25 0.93 7.35 7.29 | 
 | Total 601 83,675 84,276 749 83,347 84,096
100 100 100 100 100 100
 | .