Nasional
Kategori Subkategori 2024 Presentase 2021 Presentase
Ada 30,476 36.16 24,766 29.45
Penggunaan lampu tenaga surya
untuk penerangan jalan (publik)
Tidak ada 53,800 63.84 59,330 70.55
Total 84,276 100.00 84,096 100.00
Provinsi
2024 2021
Nama Provinsi Total Total
Ada Tidak Ada Ada Tidak Ada
1,524 4,992 6,516 1,530 4,984 6,514
ACEH
5 9.28 7.73 6.18 8.4 7.75
137 580 717 145 571 716
BALI
0.45 1.08 0.85 0.59 0.96 0.85
460 1,092 1,552 377 1,175 1,552
BANTEN
1.51 2.03 1.84 1.52 1.98 1.85
585 929 1,514 366 1,148 1,514
BENGKULU
1.92 1.73 1.8 1.48 1.93 1.8
250 188 438 182 256 438
DI YOGYAKARTA
0.82 0.35 0.52 0.73 0.43 0.52
63 204 267 59 208 267
DKI JAKARTA
0.21 0.38 0.32 0.24 0.35 0.32
522 210 732 488 246 734
GORONTALO

[TABLE 1 on page 1]
 |  |  | 
 | Nasional |  | 
 | Kategori Subkategori 2024 Presentase 2021 Presentase |  | 
 | Ada 30,476 36.16 24,766 29.45
Penggunaan lampu tenaga surya
untuk penerangan jalan (publik)
Tidak ada 53,800 63.84 59,330 70.55 |  | 
 | Total 84,276 100.00 84,096 100.00 |  | 
 |  |  | 
 | Provinsi |  | 
 | 2024 2021
Nama Provinsi Total Total
Ada Tidak Ada Ada Tidak Ada |  | 
 | 1,524 4,992 6,516 1,530 4,984 6,514
ACEH
5 9.28 7.73 6.18 8.4 7.75
137 580 717 145 571 716
BALI
0.45 1.08 0.85 0.59 0.96 0.85
460 1,092 1,552 377 1,175 1,552
BANTEN
1.51 2.03 1.84 1.52 1.98 1.85
585 929 1,514 366 1,148 1,514
BENGKULU
1.92 1.73 1.8 1.48 1.93 1.8
250 188 438 182 256 438
DI YOGYAKARTA
0.82 0.35 0.52 0.73 0.43 0.52
63 204 267 59 208 267
DKI JAKARTA
0.21 0.38 0.32 0.24 0.35 0.32
522 210 732 488 246 734 |  | 
GORONTALO
1.71 0.39 0.87 1.97 0.41 0.87
730 855 1,585 659 903 1,562
JAMBI
2.4 1.59 1.88 2.66 1.52 1.86
2,654 3,303 5,957 1,891 4,066 5,957
JAWA BARAT
8.71 6.14 7.07 7.64 6.85 7.08
3,478 5,085 8,563 2,625 5,937 8,562
JAWA TENGAH
11.41 9.45 10.16 10.6 10.01 10.18
2,722 5,772 8,494 2,256 6,240 8,496
JAWA TIMUR
8.93 10.73 10.08 9.11 10.52 10.1
569 1,588 2,157 417 1,731 2,148
KALIMANTAN BARAT
1.87 2.95 2.56 1.68 2.92 2.55
523 1,492 2,015 446 1,561 2,007
KALIMANTAN SELATAN
1.72 2.77 2.39 1.8 2.63 2.39
579 998 1,577 352 1,224 1,576
KALIMANTAN TENGAH
1.9 1.86 1.87 1.42 2.06 1.87
568 484 1,052 454 592 1,046
KALIMANTAN TIMUR
1.86 0.9 1.25 1.83 1 1.24
231 253 484 138 344 482
KALIMANTAN UTARA
0.76 0.47 0.57 0.56 0.58 0.57
223 170 393 215 178 393
KEPULAUAN BANGKA BELITUNG
KEPULAUAN BANGKA BELITUNG
0.73 0.32 0.47 0.87 0.3 0.47
204 226 430 195 233 428
KEPULAUAN RIAU
0.67 0.42 0.51 0.79 0.39 0.51
906 1,751 2,657 619 2,035 2,654
LAMPUNG
2.97 3.25 3.15 2.5 3.43 3.16
780 482 1,262 696 552 1,248
MALUKU
2.56 0.9 1.5 2.81 0.93 1.48
735 474 1,209 666 537 1,203
MALUKU UTARA
2.41 0.88 1.43 2.69 0.91 1.43
376 790 1,166 283 868 1,151
NUSA TENGGARA BARAT
1.23 1.47 1.38 1.14 1.46 1.37
869 2,669 3,538 682 2,768 3,450
NUSA TENGGARA TIMUR
2.85 4.96 4.2 2.75 4.67 4.1
94 935 1,029 310 5,245 5,555
PAPUA
0.31 1.74 1.22 1.25 8.84 6.61
347 623 970 443 1,543 1,986
PAPUA BARAT
1.14 1.16 1.15 1.79 2.6 2.36
204 852 1,056
PAPUA BARAT DAYA
0.67 1.58 1.25
64 2,570 2,634
PAPUA PEGUNUNGAN
PAPUA PEGUNUNGAN
0.21 4.78 3.13
79 611 690
PAPUA SELATAN
0.26 1.14 0.82
107 1,101 1,208
PAPUA TENGAH
0.35 2.05 1.43
762 1,108 1,870 566 1,310 1,876
RIAU
2.5 2.06 2.22 2.29 2.21 2.23
259 391 650 267 383 650
SULAWESI BARAT
0.85 0.73 0.77 1.08 0.65 0.77
1,621 1,439 3,060 1,346 1,705 3,051
SULAWESI SELATAN
5.32 2.67 3.63 5.43 2.87 3.63
994 1,028 2,022 820 1,200 2,020
SULAWESI TENGAH
3.26 1.91 2.4 3.31 2.02 2.4
963 1,329 2,292 837 1,472 2,309
SULAWESI TENGGARA
3.16 2.47 2.72 3.38 2.48 2.75
1,032 806 1,838 1,013 827 1,840
SULAWESI UTARA
3.39 1.5 2.18 4.09 1.39 2.19
398 888 1,286 380 907 1,287
SUMATERA BARAT
1.31 1.65 1.53 1.53 1.53 1.53
1,618 1,665 3,283 1,323 1,969 3,292
SUMATERA SELATAN
SUMATERA SELATAN
5.31 3.09 3.9 5.34 3.32 3.91
2,246 3,867 6,113 1,720 4,412 6,132
SUMATERA UTARA
7.37 7.19 7.25 6.95 7.44 7.29
Total 30,476 53,800 84,276 24,766 59,330 84,096
100 100 100 100 100 100

[TABLE 1 on page 5]
SUMATERA SELATAN
5.31 3.09 3.9 5.34 3.32 3.91
2,246 3,867 6,113 1,720 4,412 6,132
SUMATERA UTARA
7.37 7.19 7.25 6.95 7.44 7.29 | 
 | Total 30,476 53,800 84,276 24,766 59,330 84,096
100 100 100 100 100 100