Nasional
Kategori Subkategori 2024 Presentase 2021 Presentase
Ada, sebagian besar 3,076 3.65 4,176 4.97
Penggunaan lampu tenaga surya di
Ada, sebagian kecil 8,019 9.52 7,895 9.39
tingkat rumah tangga
Tidak ada 73,181 86.83 72,025 85.65
Jumlah 84,276 100.00 84,096 100.00
Provinsi
2024 2021
Ada, sebagian Total Ada, sebagian
Ada, sebagian besar Tidak ada
Nama Provinsi kecil besar
48 91 6,377 6,516 78
ACEH
1.56 1.13 8.71 7.73 1.87
2 34 681 717 1
BALI
0.07 0.42 0.93 0.85 0.02
5 32 1,515 1,552 12
BANTEN
0.16 0.4 2.07 1.84 0.29
10 112 1,392 1,514 16
BENGKULU
0.33 1.4 1.9 1.8 0.38
2 32 404 438 3
DI YOGYAKARTA
0.07 0.4 0.55 0.52 0.07
0 26 241 267 13
DKI JAKARTA

[TABLE 1 on page 1]
 |  | 
 | Nasional | 
 | Kategori Subkategori 2024 Presentase 2021 Presentase | 
 | Ada, sebagian besar 3,076 3.65 4,176 4.97
Penggunaan lampu tenaga surya di
Ada, sebagian kecil 8,019 9.52 7,895 9.39
tingkat rumah tangga
Tidak ada 73,181 86.83 72,025 85.65 | 
 | Jumlah 84,276 100.00 84,096 100.00 | 
 |  | 
 | Provinsi | 
 | 2024
Ada, sebagian Total Ada, sebagian
Ada, sebagian besar Tidak ada
Nama Provinsi kecil besar | 
 | 48 91 6,377 6,516 78
ACEH
1.56 1.13 8.71 7.73 1.87
2 34 681 717 1
BALI
0.07 0.42 0.93 0.85 0.02
5 32 1,515 1,552 12
BANTEN
0.16 0.4 2.07 1.84 0.29
10 112 1,392 1,514 16
BENGKULU
0.33 1.4 1.9 1.8 0.38
2 32 404 438 3
DI YOGYAKARTA
0.07 0.4 0.55 0.52 0.07
0 26 241 267 13 | 
DKI JAKARTA
0 0.32 0.33 0.32 0.31
10 139 583 732 14
GORONTALO
0.33 1.73 0.8 0.87 0.34
4 136 1,445 1,585 22
JAMBI
0.13 1.7 1.97 1.88 0.53
29 118 5,810 5,957 56
JAWA BARAT
0.94 1.47 7.94 7.07 1.34
1 182 8,380 8,563 71
JAWA TENGAH
0.03 2.27 11.45 10.16 1.7
53 218 8,223 8,494 88
JAWA TIMUR
1.72 2.72 11.24 10.08 2.11
305 487 1,365 2,157 298
KALIMANTAN BARAT
9.92 6.07 1.87 2.56 7.14
25 190 1,800 2,015 27
KALIMANTAN SELATAN
0.81 2.37 2.46 2.39 0.65
327 356 894 1,577 354
KALIMANTAN TENGAH
10.63 4.44 1.22 1.87 8.48
104 269 679 1,052 140
KALIMANTAN TIMUR
3.38 3.35 0.93 1.25 3.35
47 95 342 484 55
KALIMANTAN UTARA
KALIMANTAN UTARA
1.53 1.18 0.47 0.57 1.32
2 14 377 393 5
KEPULAUAN BANGKA BELITUNG
0.07 0.17 0.52 0.47 0.12
8 31 391 430 6
KEPULAUAN RIAU
0.26 0.39 0.53 0.51 0.14
24 189 2,444 2,657 35
LAMPUNG
0.78 2.36 3.34 3.15 0.84
121 151 990 1,262 130
MALUKU
3.93 1.88 1.35 1.5 3.11
79 123 1,007 1,209 106
MALUKU UTARA
2.57 1.53 1.38 1.43 2.54
10 45 1,111 1,166 18
NUSA TENGGARA BARAT
0.33 0.56 1.52 1.38 0.43
301 937 2,300 3,538 451
NUSA TENGGARA TIMUR
9.79 11.68 3.14 4.2 10.8
55 137 837 1,029 1,488
PAPUA
1.79 1.71 1.14 1.22 35.63
74 173 723 970 191
PAPUA BARAT
2.41 2.16 0.99 1.15 4.57
59 129 868 1,056
PAPUA BARAT DAYA
PAPUA BARAT DAYA
1.92 1.61 1.19 1.25
648 996 990 2,634
PAPUA PEGUNUNGAN
21.07 12.42 1.35 3.13
59 124 507 690
PAPUA SELATAN
1.92 1.55 0.69 0.82
298 281 629 1,208
PAPUA TENGAH
9.69 3.5 0.86 1.43
20 197 1,653 1,870 29
RIAU
0.65 2.46 2.26 2.22 0.69
8 130 512 650 15
SULAWESI BARAT
0.26 1.62 0.7 0.77 0.36
67 352 2,641 3,060 57
SULAWESI SELATAN
2.18 4.39 3.61 3.63 1.36
69 366 1,587 2,022 85
SULAWESI TENGAH
2.24 4.56 2.17 2.4 2.04
41 304 1,947 2,292 108
SULAWESI TENGGARA
1.33 3.79 2.66 2.72 2.59
19 82 1,737 1,838 20
SULAWESI UTARA
0.62 1.02 2.37 2.18 0.48
11 75 1,200 1,286 23
SUMATERA BARAT
SUMATERA BARAT
0.36 0.94 1.64 1.53 0.55
40 371 2,872 3,283 64
SUMATERA SELATAN
1.3 4.63 3.92 3.9 1.53
91 295 5,727 6,113 97
SUMATERA UTARA
2.96 3.68 7.83 7.25 2.32
Total 3,076 8,019 73,181 84,276 4,176
100 100 100 100 100
.

[TABLE 1 on page 5]
SUMATERA BARAT
0.36 0.94 1.64 1.53 0.55
40 371 2,872 3,283 64
SUMATERA SELATAN
1.3 4.63 3.92 3.9 1.53
91 295 5,727 6,113 97
SUMATERA UTARA
2.96 3.68 7.83 7.25 2.32 | 
 | Total 3,076 8,019 73,181 84,276 4,176
100 100 100 100 100
 | .
2021
Ada, sebagian Total
Tidak ada
kecil
108 6,328 6,514
1.37 8.79 7.75
20 695 716
0.25 0.96 0.85
34 1,506 1,552
0.43 2.09 1.85
111 1,387 1,514
1.41 1.93 1.8
18 417 438
0.23 0.58 0.52
11 243 267

[TABLE 1 on page 6]

2021
Ada, sebagian Total
Tidak ada
kecil
108 6,328 6,514
1.37 8.79 7.75
20 695 716
0.25 0.96 0.85
34 1,506 1,552
0.43 2.09 1.85
111 1,387 1,514
1.41 1.93 1.8
18 417 438
0.23 0.58 0.52
11 243 267
0.14 0.34 0.32
154 566 734
1.95 0.79 0.87
117 1,423 1,562
1.48 1.98 1.86
119 5,782 5,957
1.51 8.03 7.08
129 8,362 8,562
1.63 11.61 10.18
211 8,197 8,496
2.67 11.38 10.1
470 1,380 2,148
5.95 1.92 2.55
139 1,841 2,007
1.76 2.56 2.39
313 909 1,576
3.96 1.26 1.87
273 633 1,046
3.46 0.88 1.24
91 336 482
1.15 0.47 0.57
11 377 393
0.14 0.52 0.47
49 373 428
0.62 0.52 0.51
186 2,433 2,654
2.36 3.38 3.16
128 990 1,248
1.62 1.37 1.48
121 976 1,203
1.53 1.36 1.43
47 1,086 1,151
0.6 1.51 1.37
939 2,060 3,450
11.89 2.86 4.1
1,713 2,354 5,555
21.7 3.27 6.61
343 1,452 1,986
4.34 2.02 2.36
161 1,686 1,876
2.04 2.34 2.23
122 513 650
1.55 0.71 0.77
362 2,632 3,051
4.59 3.65 3.63
340 1,595 2,020
4.31 2.21 2.4
333 1,868 2,309
4.22 2.59 2.75
73 1,747 1,840
0.92 2.43 2.19
64 1,200 1,287
0.81 1.67 1.53
340 2,888 3,292
4.31 4.01 3.91
245 5,790 6,132
3.1 8.04 7.29
7,895 72,025 84,096
100 100 100

[TABLE 1 on page 10]
0.81 1.67 1.53
340 2,888 3,292
4.31 4.01 3.91
245 5,790 6,132
3.1 8.04 7.29
7,895 72,025 84,096
100 100 100
