Nasional
Kategori Subkategori 2024 Presentase 2021 Presentase
Ada 11,019 13.07 10,683 12.70
Pencemaran Air
Tidak ada 73,257 86.93 73,413 87.30
Total 84,276 100.00 84,096 100.00
Provinsi
2024 2021
Nama Provinsi Total Total
Ada Tidak Ada Ada Tidak Ada
308 6,208 6,516 350 6,164 6,514
ACEH
2.8 8.47 7.73 3.28 8.4 7.75
119 598 717 82 634 716
BALI
1.08 0.82 0.85 0.77 0.86 0.85
319 1,233 1,552 257 1,295 1,552
BANTEN
2.89 1.68 1.84 2.41 1.76 1.85
219 1,295 1,514 163 1,351 1,514
BENGKULU
1.99 1.77 1.8 1.53 1.84 1.8
78 360 438 76 362 438
DI YOGYAKARTA
0.71 0.49 0.52 0.71 0.49 0.52
74 193 267 78 189 267
DKI JAKARTA
0.67 0.26 0.32 0.73 0.26 0.32
55 677 732 62 672 734
GORONTALO
0.5 0.92 0.87 0.58 0.92 0.87
466 1,119 1,585 390 1,172 1,562
JAMBI

[TABLE 1 on page 1]
 |  |  |  | 
 | Nasional |  |  | 
 | Kategori Subkategori 2024 Presentase 2021 Presentase |  |  | 
 | Ada 11,019 13.07 10,683 12.70
Pencemaran Air
Tidak ada 73,257 86.93 73,413 87.30 |  |  | 
 | Total 84,276 100.00 84,096 100.00 |  |  | 
 |  |  |  | 
 | Provinsi |  |  | 
 | 2024 2021
Nama Provinsi Total Total
Ada Tidak Ada Ada Tidak Ada |  |  | 
 | 308 6,208 6,516 350 6,164 6,514
ACEH
2.8 8.47 7.73 3.28 8.4 7.75
119 598 717 82 634 716
BALI
1.08 0.82 0.85 0.77 0.86 0.85
319 1,233 1,552 257 1,295 1,552
BANTEN
2.89 1.68 1.84 2.41 1.76 1.85
219 1,295 1,514 163 1,351 1,514
BENGKULU
1.99 1.77 1.8 1.53 1.84 1.8
78 360 438 76 362 438
DI YOGYAKARTA
0.71 0.49 0.52 0.71 0.49 0.52
74 193 267 78 189 267
DKI JAKARTA
0.67 0.26 0.32 0.73 0.26 0.32
55 677 732 62 672 734
GORONTALO
0.5 0.92 0.87 0.58 0.92 0.87
466 1,119 1,585 390 1,172 1,562 |  |  | 
JAMBI
4.23 1.53 1.88 3.65 1.6 1.86
1,354 4,603 5,957 1,217 4,740 5,957
JAWA BARAT
12.29 6.28 7.07 11.39 6.46 7.08
1,366 7,197 8,563 1,310 7,252 8,562
JAWA TENGAH
12.4 9.82 10.16 12.26 9.88 10.18
1,101 7,393 8,494 1,152 7,344 8,496
JAWA TIMUR
9.99 10.09 10.08 10.78 10 10.1
680 1,477 2,157 715 1,433 2,148
KALIMANTAN BARAT
6.17 2.02 2.56 6.69 1.95 2.55
332 1,683 2,015 396 1,611 2,007
KALIMANTAN SELATAN
3.01 2.3 2.39 3.71 2.19 2.39
572 1,005 1,577 610 966 1,576
KALIMANTAN TENGAH
5.19 1.37 1.87 5.71 1.32 1.87
197 855 1,052 227 819 1,046
KALIMANTAN TIMUR
1.79 1.17 1.25 2.12 1.12 1.24
85 399 484 99 383 482
KALIMANTAN UTARA
0.77 0.54 0.57 0.93 0.52 0.57
105 288 393 100 293 393
KEPULAUAN BANGKA BELITUNG
0.95 0.39 0.47 0.94 0.4 0.47
23 407 430 16 412 428
KEPULAUAN RIAU
0.21 0.56 0.51 0.15 0.56 0.51
286 2,371 2,657 308 2,346 2,654
LAMPUNG
2.6 3.24 3.15 2.88 3.2 3.16
57 1,205 1,262 53 1,195 1,248
MALUKU
0.52 1.64 1.5 0.5 1.63 1.48
72 1,137 1,209 71 1,132 1,203
MALUKU UTARA
0.65 1.55 1.43 0.66 1.54 1.43
249 917 1,166 152 999 1,151
NUSA TENGGARA BARAT
2.26 1.25 1.38 1.42 1.36 1.37
74 3,464 3,538 79 3,371 3,450
NUSA TENGGARA TIMUR
0.67 4.73 4.2 0.74 4.59 4.1
81 948 1,029 292 5,263 5,555
PAPUA
0.74 1.29 1.22 2.73 7.17 6.61
21 949 970 39 1,947 1,986
PAPUA BARAT
0.19 1.3 1.15 0.37 2.65 2.36
62 994 1,056
PAPUA BARAT DAYA
0.56 1.36 1.25
7 2,627 2,634
PAPUA PEGUNUNGAN
0.06 3.59 3.13
20 670 690
PAPUA SELATAN
0.18 0.91 0.82
127 1,081 1,208
PAPUA TENGAH
1.15 1.48 1.43
248 1,622 1,870 250 1,626 1,876
RIAU
2.25 2.21 2.22 2.34 2.21 2.23
68 582 650 98 552 650
SULAWESI BARAT
0.62 0.79 0.77 0.92 0.75 0.77
279 2,781 3,060 308 2,743 3,051
SULAWESI SELATAN
2.53 3.8 3.63 2.88 3.74 3.63
130 1,892 2,022 126 1,894 2,020
SULAWESI TENGAH
1.18 2.58 2.4 1.18 2.58 2.4
170 2,122 2,292 140 2,169 2,309
SULAWESI TENGGARA
1.54 2.9 2.72 1.31 2.95 2.75
172 1,666 1,838 161 1,679 1,840
SULAWESI UTARA
1.56 2.27 2.18 1.51 2.29 2.19
238 1,048 1,286 193 1,094 1,287
SUMATERA BARAT
2.16 1.43 1.53 1.81 1.49 1.53
405 2,878 3,283 440 2,852 3,292
SUMATERA SELATAN
3.68 3.93 3.9 4.12 3.88 3.91
800 5,313 6,113 673 5,459 6,132
SUMATERA UTARA
7.26 7.25 7.25 6.3 7.44 7.29
Total 11,019 73,257 84,276 10,683 73,413 84,096
100 100 100 100 100 100

[TABLE 1 on page 5]
 |  | 
 | Total 11,019 73,257 84,276 10,683 73,413 84,096
100 100 100 100 100 100 | 
Nasional
Kategori Subkategori 2024 Presentase 2021 Presentase
Ada 947 1.12 1,499 1.78
Pencemaran Tanah
Tidak ada 83,329 98.88 82,597 98.22
Total 84,276 100.00 84,096 100.00
Provinsi
2024 2021
Nama Provinsi Total Total
Ada Tidak Ada Ada Tidak Ada
14 6,502 6,516 23 6,491 6,514
ACEH
1.48 7.8 7.73 1.53 7.86 8
18 699 717 5 711 716
BALI
1.9 0.84 0.85 0.33 0.86 0.85
36 1,516 1,552 40 1,512 1,552
BANTEN
3.8 1.82 1.84 2.67 1.83 2
4 1,510 1,514 8 1,506 1,514
BENGKULU
0.42 1.81 1.8 0.53 1.82 2
12 426 438 8 430 438
DI YOGYAKARTA
1.27 0.51 0.52 0.53 0.52 0.52
6 261 267 10 257 267
DKI JAKARTA
0.63 0.31 0.32 0.67 0.31 0.32
1 731 732 7 727 734
GORONTALO
0.11 0.88 0.87 0.47 0.88 0.87
27 1,558 1,585 16 1,546 1,562
JAMBI

[TABLE 1 on page 6]
 |  |  | 
Nasional |  |  | 
Kategori Subkategori 2024 Presentase 2021 Presentase |  |  | 
Ada 947 1.12 1,499 1.78
Pencemaran Tanah
Tidak ada 83,329 98.88 82,597 98.22 |  |  | 
Total 84,276 100.00 84,096 100.00 |  |  | 
 |  |  | 
Provinsi |  |  | 
2024 2021
Nama Provinsi Total Total
Ada Tidak Ada Ada Tidak Ada |  |  | 
14 6,502 6,516 23 6,491 6,514
ACEH
1.48 7.8 7.73 1.53 7.86 8
18 699 717 5 711 716
BALI
1.9 0.84 0.85 0.33 0.86 0.85
36 1,516 1,552 40 1,512 1,552
BANTEN
3.8 1.82 1.84 2.67 1.83 2
4 1,510 1,514 8 1,506 1,514
BENGKULU
0.42 1.81 1.8 0.53 1.82 2
12 426 438 8 430 438
DI YOGYAKARTA
1.27 0.51 0.52 0.53 0.52 0.52
6 261 267 10 257 267
DKI JAKARTA
0.63 0.31 0.32 0.67 0.31 0.32
1 731 732 7 727 734
GORONTALO
0.11 0.88 0.87 0.47 0.88 0.87
27 1,558 1,585 16 1,546 1,562 |  |  | 
JAMBI
2.85 1.87 1.88 1.07 1.87 2
65 5,892 5,957 129 5,828 5,957
JAWA BARAT
6.86 7.07 7.07 8.61 7.06 7
122 8,441 8,563 224 8,338 8,562
JAWA TENGAH
12.88 10.13 10.16 14.94 10.09 10
86 8,408 8,494 154 8,342 8,496
JAWA TIMUR
9.08 10.09 10.08 10.27 10.1 10
67 2,090 2,157 121 2,027 2,148
KALIMANTAN BARAT
7.07 2.51 2.56 8.07 2.45 3
23 1,992 2,015 39 1,968 2,007
KALIMANTAN SELATAN
2.43 2.39 2.39 2.6 2.38 2
92 1,485 1,577 125 1,451 1,576
KALIMANTAN TENGAH
9.71 1.78 1.87 8.34 1.76 2
25 1,027 1,052 26 1,020 1,046
KALIMANTAN TIMUR
2.64 1.23 1.25 1.73 1.23 1
21 463 484 31 451 482
KALIMANTAN UTARA
2.22 0.56 0.57 2.07 0.55 0.57
10 383 393 26 367 393
KEPULAUAN BANGKA BELITUNG
1.06 0.46 0.47 1.73 0.44 0.47
0 430 430 4 424 428
KEPULAUAN RIAU
0 0.52 0.51 0.27 0.51 0.51
15 2,642 2,657 23 2,631 2,654
LAMPUNG
1.58 3.17 3.15 1.53 3.19 3
3 1,259 1,262 5 1,243 1,248
MALUKU
0.32 1.51 1.5 0.33 1.5 1
7 1,202 1,209 15 1,188 1,203
MALUKU UTARA
0.74 1.44 1.43 1 1.44 1
12 1,154 1,166 18 1,133 1,151
NUSA TENGGARA BARAT
1.27 1.38 1.38 1.2 1.37 1
25 3,513 3,538 35 3,415 3,450
NUSA TENGGARA TIMUR
2.64 4.22 4.2 2.33 4.13 4
13 1,016 1,029 95 5,460 5,555
PAPUA
1.37 1.22 1.22 6.34 6.61 7
3 967 970 13 1,973 1,986
PAPUA BARAT
0.32 1.16 1.15 0.87 2.39 2
5 1,051 1,056
PAPUA BARAT DAYA
0.53 1.26 1.25
0 2,634 2,634
PAPUA PEGUNUNGAN
0 3.16 3.13
2 688 690
PAPUA SELATAN
0.21 0.83 0.82
64 1,144 1,208
PAPUA TENGAH
6.76 1.37 1.43
6 1,864 1,870 9 1,867 1,876
RIAU
0.63 2.24 2.22 0.6 2.26 2
1 649 650 10 640 650
SULAWESI BARAT
0.11 0.78 0.77 0.67 0.77 0.77
22 3,038 3,060 39 3,012 3,051
SULAWESI SELATAN
2.32 3.65 3.63 2.6 3.65 4
16 2,006 2,022 25 1,995 2,020
SULAWESI TENGAH
1.69 2.41 2.4 1.67 2.42 2
32 2,260 2,292 23 2,286 2,309
SULAWESI TENGGARA
3.38 2.71 2.72 1.53 2.77 3
11 1,827 1,838 27 1,813 1,840
SULAWESI UTARA
1.16 2.19 2.18 1.8 2.19 2
27 1,259 1,286 21 1,266 1,287
SUMATERA BARAT
2.85 1.51 1.53 1.4 1.53 2
34 3,249 3,283 73 3,219 3,292
SUMATERA SELATAN
3.59 3.9 3.9 4.87 3.9 4
20 6,093 6,113 72 6,060 6,132
SUMATERA UTARA
2.11 7.31 7.25 4.8 7.34 7
Total 947 83,329 84,276 1,499 82,597 84,096
100 100 100 100 100 100

[TABLE 1 on page 10]
 | 
Total 947 83,329 84,276 1,499 82,597 84,096
100 100 100 100 100 100 | 
Nasional
Kategori Subkategori 2024 Presentase 2021 Presentase
Ada 4,754 5.64 5,644 6.71
Pencemaran Tanah
Tidak ada 79,522 94.36 78,452 93.29
Total 84,276 100.00 84,096 100.00
Provinsi
2024 2021
Nama Provinsi Total Total
Ada Tidak Ada Ada Tidak Ada
168 6,348 6,516 481 6,033 6,514
ACEH
3.53 7.98 7.73 8.52 7.69 7.75
19 698 717 15 701 716
BALI
0.4 0.88 0.85 0.27 0.89 0.85
182 1,370 1,552 197 1,355 1,552
BANTEN
3.83 1.72 1.84 3.49 1.73 1.85
74 1,440 1,514 71 1,443 1,514
BENGKULU
1.56 1.81 1.8 1.26 1.84 1.8
44 394 438 41 397 438
DI YOGYAKARTA
0.93 0.5 0.52 0.73 0.51 0.52
68 199 267 42 225 267
DKI JAKARTA
1.43 0.25 0.32 0.74 0.29 0.32
160 572 732 27 707 734
GORONTALO
3.37 0.72 0.87 0.48 0.9 0.87
55 1,530 1,585 37 1,525 1,562
JAMBI

[TABLE 1 on page 11]
 |  | 
Nasional |  | 
Kategori Subkategori 2024 Presentase 2021 Presentase |  | 
Ada 4,754 5.64 5,644 6.71
Pencemaran Tanah
Tidak ada 79,522 94.36 78,452 93.29 |  | 
Total 84,276 100.00 84,096 100.00 |  | 
 |  | 
Provinsi |  | 
2024 2021
Nama Provinsi Total Total
Ada Tidak Ada Ada Tidak Ada |  | 
168 6,348 6,516 481 6,033 6,514
ACEH
3.53 7.98 7.73 8.52 7.69 7.75
19 698 717 15 701 716
BALI
0.4 0.88 0.85 0.27 0.89 0.85
182 1,370 1,552 197 1,355 1,552
BANTEN
3.83 1.72 1.84 3.49 1.73 1.85
74 1,440 1,514 71 1,443 1,514
BENGKULU
1.56 1.81 1.8 1.26 1.84 1.8
44 394 438 41 397 438
DI YOGYAKARTA
0.93 0.5 0.52 0.73 0.51 0.52
68 199 267 42 225 267
DKI JAKARTA
1.43 0.25 0.32 0.74 0.29 0.32
160 572 732 27 707 734
GORONTALO
3.37 0.72 0.87 0.48 0.9 0.87
55 1,530 1,585 37 1,525 1,562 |  | 
JAMBI
1.16 1.92 1.88 0.66 1.94 1.86
461 5,496 5,957 556 5,401 5,957
JAWA BARAT
9.7 6.91 7.07 9.85 6.88 7.08
583 7,980 8,563 781 7,781 8,562
JAWA TENGAH
12.26 10.03 10.16 13.84 9.92 10.18
570 7,924 8,494 777 7,719 8,496
JAWA TIMUR
11.99 9.96 10.08 13.77 9.84 10.1
157 2,000 2,157 155 1,993 2,148
KALIMANTAN BARAT
3.3 2.52 2.56 2.75 2.54 2.55
112 1,903 2,015 140 1,867 2,007
KALIMANTAN SELATAN
2.36 2.39 2.39 2.48 2.38 2.39
71 1,506 1,577 91 1,485 1,576
KALIMANTAN TENGAH
1.49 1.89 1.87 1.61 1.89 1.87
104 948 1,052 89 957 1,046
KALIMANTAN TIMUR
2.19 1.19 1.25 1.58 1.22 1.24
34 450 484 47 435 482
KALIMANTAN UTARA
0.72 0.57 0.57 0.83 0.55 0.57
35 358 393 35 358 393
KEPULAUAN BANGKA BELITUNG
0.74 0.45 0.47 0.62 0.46 0.47
23 407 430 22 406 428
KEPULAUAN RIAU
0.48 0.51 0.51 0.39 0.52 0.51
174 2,483 2,657 210 2,444 2,654
LAMPUNG
3.66 3.12 3.15 3.72 3.12 3.16
13 1,249 1,262 25 1,223 1,248
MALUKU
0.27 1.57 1.5 0.44 1.56 1.48
39 1,170 1,209 63 1,140 1,203
MALUKU UTARA
0.82 1.47 1.43 1.12 1.45 1.43
52 1,114 1,166 79 1,072 1,151
NUSA TENGGARA BARAT
1.09 1.4 1.38 1.4 1.37 1.37
131 3,407 3,538 199 3,251 3,450
NUSA TENGGARA TIMUR
2.76 4.28 4.2 3.53 4.14 4.1
41 988 1,029 90 5,465 5,555
PAPUA
0.86 1.24 1.22 1.59 6.97 6.61
4 966 970 16 1,970 1,986
PAPUA BARAT
0.08 1.21 1.15 0.28 2.51 2.36
28 1,028 1,056
PAPUA BARAT DAYA
0.59 1.29 1.25
0 2,634 2,634
PAPUA PEGUNUNGAN
0 3.31 3.13
4 686 690
PAPUA SELATAN
0.08 0.86 0.82
49 1,159 1,208
PAPUA TENGAH
1.03 1.46 1.43
123 1,747 1,870 148 1,728 1,876
RIAU
2.59 2.2 2.22 2.62 2.2 2.23
50 600 650 46 604 650
SULAWESI BARAT
1.05 0.75 0.77 0.82 0.77 0.77
131 2,929 3,060 229 2,822 3,051
SULAWESI SELATAN
2.76 3.68 3.63 4.06 3.6 3.63
62 1,960 2,022 60 1,960 2,020
SULAWESI TENGAH
1.3 2.46 2.4 1.06 2.5 2.4
143 2,149 2,292 162 2,147 2,309
SULAWESI TENGGARA
3.01 2.7 2.72 2.87 2.74 2.75
174 1,664 1,838 85 1,755 1,840
SULAWESI UTARA
3.66 2.09 2.18 1.51 2.24 2.19
158 1,128 1,286 60 1,227 1,287
SUMATERA BARAT
3.32 1.42 1.53 1.06 1.56 1.53
229 3,054 3,283 229 3,063 3,292
SUMATERA SELATAN
4.82 3.84 3.9 4.06 3.9 3.91
229 5,884 6,113 339 5,793 6,132
SUMATERA UTARA
4.82 7.4 7.25 6.01 7.38 7.29
Total 4,754 79,522 84,276 5,644 78,452 84,096
100 100 100 100 100 100

[TABLE 1 on page 15]

Total 4,754 79,522 84,276 5,644 78,452 84,096
100 100 100 100 100 100